49
0 1 156
0 2 340
0 3 231
0 4 347
0 5 529
0 6 442
0 7 821
0 8 978
0 9 2088
0 10 1896
0 11 566
0 12 3390
0 13 1604
0 14 629
0 15 1065
0 16 600
0 17 462
0 18 735
0 19 487
0 20 1678
0 21 444
0 22 635
0 23 178
0 24 824
0 25 401
0 26 712
0 27 661
0 28 692
0 29 491
0 30 1573
0 31 908
0 32 704
0 33 452
0 34 1233
0 35 446
0 36 1035
0 37 783
0 38 2103
0 39 681
0 40 474
0 41 345
0 42 1069
0 43 1443
0 44 695
0 45 431
0 46 2131
0 47 157
0 48 1082
1 0 156
1 2 191
1 3 225
1 4 496
1 5 681
1 6 290
1 7 720
1 8 828
1 9 1854
1 10 1752
1 11 486
1 12 3220
1 13 1474
1 14 519
1 15 927
1 16 739
1 17 824
1 18 704
1 19 467
1 20 1538
1 21 303
1 22 494
1 23 154
1 24 956
1 25 542
1 26 825
1 27 514
1 28 588
1 29 348
1 30 1422
1 31 771
1 32 846
1 33 592
1 34 1094
1 35 565
1 36 881
1 37 646
1 38 1963
1 39 851
1 40 547
1 41 265
1 42 952
1 43 1307
1 44 839
1 45 543
1 46 1978
1 47 275
1 48 948
2 0 340
2 1 191
2 3 342
2 4 666
2 5 859
2 6 231
2 7 655
2 8 700
2 9 1656
2 10 1560
2 11 563
2 12 3156
2 13 1336
2 14 393
2 15 786
2 16 916
2 17 1008
2 18 697
2 19 753
2 20 1346
2 21 163
2 22 340
2 23 336
2 24 1147
2 25 726
2 26 1010
2 27 443
2 28 501
2 29 202
2 30 1296
2 31 584
2 32 1035
2 33 767
2 34 963
2 35 745
2 36 810
2 37 511
2 38 1761
2 39 1005
2 40 710
2 41 338
2 42 834
2 43 1115
2 44 1024
2 45 725
2 46 1812
2 47 459
2 48 758
3 0 231
3 1 225
3 2 342
3 4 485
3 5 610
3 6 322
3 7 929
3 8 857
3 9 1901
3 10 1798
3 11 697
3 12 3258
3 13 1676
3 14 713
3 15 1020
3 16 697
3 17 753
3 18 924
3 19 683
3 20 1616
3 21 408
3 22 675
3 23 358
3 24 890
3 25 557
3 26 758
3 27 541
3 28 790
3 29 546
3 30 1478
3 31 811
3 32 787
3 33 599
3 34 1293
3 35 702
3 36 912
3 37 838
3 38 2017
3 39 763
3 40 725
3 41 468
3 42 1142
3 43 1371
3 44 776
3 45 671
3 46 2022
3 47 400
3 48 986
4 0 347
4 1 496
4 2 666
4 3 485
4 5 270
4 6 759
4 7 1014
4 8 1283
4 9 2293
4 10 2203
4 11 756
4 12 3692
4 13 1947
4 14 925
4 15 1402
4 16 281
4 17 362
4 18 844
4 19 663
4 20 1989
4 21 760
4 22 953
4 23 493
4 24 495
4 25 122
4 26 364
4 27 949
4 28 893
4 29 810
4 30 1877
4 31 1199
4 32 412
4 33 119
4 34 1573
4 35 267
4 36 1328
4 37 1111
4 38 2385
4 39 338
4 40 505
4 41 642
4 42 1366
4 43 1753
4 44 446
4 45 228
4 46 2094
4 47 322
4 48 1380
5 0 529
5 1 681
5 2 859
5 3 610
5 4 270
5 6 875
5 7 1270
5 8 1417
5 9 2418
5 10 2445
5 11 1008
5 12 3813
5 13 2115
5 14 1959
5 15 1529
5 16 113
5 17 150
5 18 1046
5 19 900
5 20 2106
5 21 917
5 22 1140
5 23 697
5 24 287
5 25 324
5 26 153
5 27 1052
5 28 1211
5 29 998
5 30 1965
5 31 1322
5 32 177
5 33 189
5 34 1739
5 35 569
5 36 1418
5 37 1291
5 38 2513
5 39 151
5 40 742
5 41 871
5 42 1609
5 43 1875
5 44 177
5 45 429
5 46 2500
5 47 581
5 48 1498
6 0 442
6 1 290
6 2 231
6 3 322
6 4 759
6 5 875
6 7 851
6 8 549
6 9 1711
6 10 1600
6 11 765
6 12 2948
6 13 1518
6 14 614
6 15 841
6 16 922
6 17 988
6 18 974
6 19 753
6 20 1388
6 21 227
6 22 491
6 23 436
6 24 1121
6 25 796
6 26 990
6 27 226
6 28 718
6 29 413
6 30 1154
6 31 619
6 32 1038
6 33 819
6 34 1224
6 35 849
6 36 606
6 37 725
6 38 1742
6 39 992
6 40 829
6 41 556
6 42 1049
6 43 1155
6 44 1011
6 45 1828
6 46 1674
6 47 562
6 48 797
7 0 821
7 1 720
7 2 655
7 3 929
7 4 1014
7 5 1270
7 6 851
7 8 1188
7 9 1847
7 10 1793
7 11 302
7 12 3688
7 13 1259
7 14 348
7 15 1054
7 16 1313
7 17 1424
7 18 381
7 19 446
7 20 1727
7 21 754
7 22 733
7 23 681
7 24 1550
7 25 1021
7 26 1418
7 27 1036
7 28 152
7 29 656
7 30 1748
7 31 998
7 32 1461
7 33 1164
7 34 917
7 35 803
7 36 1347
7 37 544
7 38 2147
7 39 1408
7 40 618
7 41 499
7 42 384
7 43 1473
7 44 1450
7 45 914
7 46 2195
7 47 825
7 48 1140
8 0 978
8 1 828
8 2 700
8 3 857
8 4 1283
8 5 1417
8 6 549
8 7 1188
8 9 1391
8 10 1762
8 11 1386
8 12 2562
8 13 1184
8 14 844
8 15 466
8 16 1447
8 17 1369
8 18 1401
8 19 1178
8 20 940
8 21 417
8 22 481
8 23 950
8 24 1639
8 25 1300
8 26 1517
8 27 414
8 28 1088
8 29 629
8 30 639
8 31 376
8 32 1528
8 33 1320
8 34 769
8 35 1345
8 36 203
8 37 651
8 38 1220
8 39 1476
8 40 1310
8 41 931
8 42 963
8 43 690
8 44 1497
8 45 1337
8 46 1150
8 47 1057
8 48 386
9 0 2088
9 1 1854
9 2 1656
9 3 1901
9 4 2293
9 5 2418
9 6 1711
9 7 1847
9 8 1391
9 10 143
9 11 2017
9 12 2651
9 13 680
9 14 1649
9 15 1015
9 16 2487
9 17 2557
9 18 2177
9 19 2067
9 20 513
9 21 1596
9 22 1419
9 23 1933
9 24 2688
9 25 2340
9 26 2562
9 27 1627
9 28 1819
9 29 1598
9 30 877
9 31 1115
9 32 2579
9 33 2371
9 34 985
9 35 2371
9 36 1318
9 37 1370
9 38 243
9 39 2579
9 40 1632
9 41 1915
9 42 1499
9 43 570
9 44 2567
9 45 2353
9 46 627
9 47 2292
9 48 935
10 0 1896
10 1 1752
10 2 1560
10 3 1798
10 4 2203
10 5 2445
10 6 1600
10 7 1793
10 8 1762
10 9 143
10 11 1018
10 12 2695
10 13 667
10 14 1576
10 15 905
10 16 2374
10 17 2440
10 18 2119
10 19 2014
10 20 399
10 21 411
10 22 1305
10 23 1817
10 24 2572
10 25 2229
10 26 2442
10 27 1500
10 28 1743
10 29 1483
10 30 775
10 31 1008
10 32 2465
10 33 2202
10 34 900
10 35 2210
10 36 1166
10 37 1295
10 38 491
10 39 2370
10 40 2157
10 41 1770
10 42 1469
10 43 437
10 44 2389
10 45 2196
10 46 626
10 47 1927
10 48 780
11 0 566
11 1 486
11 2 563
11 3 697
11 4 756
11 5 1008
11 6 765
11 7 302
11 8 1386
11 9 2017
11 10 1018
11 12 3698
11 13 1459
11 14 399
11 15 1170
11 16 1007
11 17 790
11 18 218
11 19 143
11 20 1815
11 21 812
11 22 746
11 23 746
11 24 1226
11 25 724
11 26 1096
11 27 976
11 28 233
11 29 613
11 30 1771
11 31 883
11 32 1942
11 33 851
11 34 1119
11 35 495
11 36 1332
11 37 671
11 38 2225
11 39 1080
11 40 313
11 41 238
11 42 678
11 43 1584
11 44 1175
11 45 597
11 46 2277
11 47 565
11 48 1234
12 0 3390
12 1 3220
12 2 3156
12 3 3258
12 4 3692
12 5 3813
12 6 2948
12 7 3688
12 8 2562
12 9 2651
12 10 2695
12 11 3698
12 13 2912
12 14 3353
12 15 2708
12 16 3823
12 17 3748
12 18 3878
12 19 3654
12 20 1835
12 21 2921
12 22 3003
12 23 3348
12 24 4027
12 25 3682
12 26 3898
12 27 2736
12 28 3594
12 29 3145
12 30 2137
12 31 2903
12 32 3923
12 33 3722
12 34 3024
12 35 3757
12 36 2400
12 37 3226
12 38 2206
12 39 3892
12 40 3727
12 41 3448
12 42 3449
12 43 2521
12 44 3909
12 45 3743
12 46 2065
12 47 3515
12 48 2622
13 0 1604
13 1 1474
13 2 1336
13 3 1676
13 4 1947
13 5 2115
13 6 1518
13 7 1259
13 8 1184
13 9 680
13 10 667
13 11 1459
13 12 2912
13 14 1101
13 15 749
13 16 2163
13 17 2037
13 18 1641
13 19 1536
13 20 882
13 21 1240
13 22 1040
13 23 1500
13 24 2373
13 25 1972
13 26 2244
13 27 1440
13 28 1229
13 29 1182
13 30 995
13 31 1111
13 32 2267
13 33 2026
13 34 430
13 35 1852
13 36 1322
13 37 828
13 38 1130
13 39 2226
13 40 1712
13 41 1385
13 42 876
13 43 597
13 44 2255
13 45 1902
13 46 1272
13 47 1663
13 48 829
14 0 629
14 1 519
14 2 393
14 3 713
14 4 925
14 5 1959
14 6 614
14 7 348
14 8 844
14 9 1649
14 10 1576
14 11 399
14 12 3353
14 13 1101
14 15 807
14 16 1227
14 17 992
14 18 621
14 19 466
14 20 1442
14 21 517
14 22 404
14 23 488
14 24 1461
14 25 923
14 26 1329
14 27 724
14 28 249
14 29 339
14 30 1426
14 31 533
14 32 1313
14 33 1040
14 34 737
14 35 772
14 36 1005
14 37 282
14 38 1853
14 39 1306
14 40 622
14 41 304
14 42 439
14 43 1215
14 44 1296
14 45 820
14 46 1902
14 47 635
14 48 872
15 0 1065
15 1 927
15 2 786
15 3 1020
15 4 1402
15 5 1529
15 6 841
15 7 1054
15 8 466
15 9 1015
15 10 905
15 11 1170
15 12 2708
15 13 749
15 14 807
15 16 1591
15 17 1512
15 18 1393
15 19 1229
15 20 707
15 21 561
15 22 449
15 23 975
15 24 1779
15 25 1445
15 26 1665
15 27 766
15 28 1037
15 29 645
15 30 683
15 31 404
15 32 1689
15 33 1486
15 34 343
15 35 1419
15 36 620
15 37 565
15 38 1108
15 39 1652
15 40 1381
15 41 971
15 42 824
15 43 460
15 44 1670
15 45 1405
15 46 1154
15 47 1138
15 48 98
16 0 600
16 1 739
16 2 916
16 3 697
16 4 281
16 5 113
16 6 922
16 7 1313
16 8 1447
16 9 2487
16 10 2374
16 11 1007
16 12 3823
16 13 2163
16 14 1227
16 15 1591
16 17 266
16 18 1052
16 19 883
16 20 2174
16 21 1058
16 22 1195
16 23 761
16 24 233
16 25 309
16 26 101
16 27 1125
16 28 1141
16 29 1056
16 30 2046
16 31 1213
16 32 146
16 33 179
16 34 1795
16 35 564
16 36 1483
16 37 1348
16 38 2567
16 39 88
16 40 724
16 41 885
16 42 1600
16 43 1927
16 44 204
16 45 414
16 46 2557
16 47 583
16 48 1557
17 0 462
17 1 824
17 2 1008
17 3 753
17 4 362
17 5 150
17 6 988
17 7 1424
17 8 1369
17 9 2557
17 10 2440
17 11 790
17 12 3748
17 13 2037
17 14 992
17 15 1512
17 16 266
17 18 829
17 19 663
17 20 2086
17 21 972
17 22 1059
17 23 581
17 24 516
17 25 76
17 26 358
17 27 1041
17 28 930
17 29 923
17 30 1946
17 31 1128
17 32 404
17 33 109
17 34 1667
17 35 339
17 36 1395
17 37 1224
17 38 2486
17 39 330
17 40 507
17 41 675
17 42 1416
17 43 1844
17 44 448
17 45 195
17 46 2479
17 47 409
17 48 1475
18 0 735
18 1 704
18 2 775
18 3 924
18 4 844
18 5 1046
18 6 974
18 7 381
18 8 1401
18 9 2177
18 10 2119
18 11 218
18 12 3878
18 13 1641
18 14 621
18 15 1393
18 16 1052
18 17 829
18 19 252
18 20 2040
18 21 1015
18 22 958
18 23 597
18 24 1338
18 25 770
18 26 1224
18 27 1172
18 28 386
18 29 821
18 30 1976
18 31 1081
18 32 1255
18 33 909
18 34 1265
18 35 525
18 36 1531
18 37 879
18 38 2441
18 39 1191
18 40 374
18 41 450
18 42 752
18 43 1797
18 44 1271
18 45 639
18 46 2484
18 47 677
18 48 1431
19 0 487
19 1 467
19 2 551
19 3 683
19 4 663
19 5 900
19 6 753
19 7 446
19 8 1178
19 9 2067
19 10 2014
19 11 143
19 12 3654
19 13 1536
19 14 466
19 15 1229
19 16 883
19 17 663
19 18 252
19 20 1809
19 21 803
19 22 744
19 23 364
19 24 1124
19 25 595
19 26 985
19 27 955
19 28 323
19 29 607
19 30 1758
19 31 866
19 32 1040
19 33 731
19 34 1155
19 35 358
19 36 1307
19 37 715
19 38 2217
19 39 961
19 40 182
19 41 228
19 42 813
19 43 1565
19 44 1054
19 45 461
19 46 2261
19 47 451
19 48 1217
20 0 1678
20 1 1538
20 2 1346
20 3 1616
20 4 1989
20 5 2106
20 6 1388
20 7 1727
20 8 940
20 9 513
20 10 399
20 11 1815
20 12 1835
20 13 882
20 14 1442
20 15 707
20 16 2174
20 17 2086
20 18 2040
20 19 1809
20 21 1131
20 22 1121
20 23 1622
20 24 2365
20 25 2021
20 26 2237
20 27 1249
20 28 1696
20 29 1292
20 30 445
20 31 978
20 32 2262
20 33 2062
20 34 870
20 35 2069
20 36 888
20 37 1227
20 38 433
20 39 2229
20 40 1991
20 41 1615
20 42 1453
20 43 290
20 44 2250
20 45 2056
20 46 484
20 47 1784
20 48 627
21 0 444
21 1 303
21 2 163
21 3 408
21 4 760
21 5 917
21 6 227
21 7 754
21 8 417
21 9 1596
21 10 411
21 11 812
21 12 2921
21 13 1240
21 14 517
21 15 561
21 16 1058
21 17 972
21 18 1015
21 19 803
21 20 1131
21 22 214
21 23 545
21 24 1245
21 25 888
21 26 1108
21 27 209
21 28 705
21 29 262
21 30 994
21 31 163
21 32 1130
21 33 928
21 34 841
21 35 960
21 36 557
21 37 446
21 38 1503
21 39 1096
21 40 931
21 41 572
21 42 822
21 43 860
21 44 1114
21 45 945
21 46 1527
21 47 673
21 48 514
22 0 635
22 1 494
22 2 340
22 3 675
22 4 953
22 5 1140
22 6 491
22 7 733
22 8 481
22 9 1419
22 10 1305
22 11 746
22 12 3003
22 13 1040
22 14 404
22 15 449
22 16 1195
22 17 1059
22 18 958
22 19 744
22 20 1121
22 21 214
22 23 522
22 24 1400
22 25 991
22 26 1267
22 27 417
22 28 631
22 29 191
22 30 1061
22 31 160
22 32 1287
22 33 1035
22 34 632
22 35 971
22 36 636
22 37 242
22 38 1491
22 39 1248
22 40 910
22 41 517
22 42 581
22 43 848
22 44 1270
22 45 957
22 46 1541
22 47 684
22 48 505
23 0 178
23 1 154
23 2 336
23 3 358
23 4 493
23 5 697
23 6 436
23 7 681
23 8 950
23 9 1933
23 10 1817
23 11 746
23 12 3348
23 13 1500
23 14 488
23 15 975
23 16 761
23 17 581
23 18 597
23 19 364
23 20 1622
23 21 545
23 22 522
23 24 960
23 25 510
23 26 830
23 27 644
23 28 523
23 29 386
23 30 1540
23 31 645
23 32 857
23 33 594
23 34 1123
23 35 462
23 36 1006
23 37 681
23 38 2003
23 39 828
23 40 400
23 41 180
23 42 883
23 43 1359
23 44 842
23 45 454
23 46 2048
23 47 175
23 48 1011
24 0 824
24 1 956
24 2 1147
24 3 890
24 4 495
24 5 287
24 6 1121
24 7 1550
24 8 1639
24 9 2688
24 10 2572
24 11 1226
24 12 4027
24 13 2373
24 14 1461
24 15 1779
24 16 233
24 17 516
24 18 1338
24 19 1124
24 20 2365
24 21 1241
24 22 1400
24 23 960
24 25 515
24 26 151
24 27 1306
24 28 1329
24 29 1246
24 30 2205
24 31 1382
24 32 147
24 33 389
24 34 1991
24 35 760
24 36 1657
24 37 1539
24 38 2739
24 39 195
24 40 919
24 41 1076
24 42 1777
24 43 2104
24 44 217
24 45 621
24 46 2721
24 47 790
24 48 1734
25 0 401
25 1 542
25 2 726
25 3 557
25 4 122
25 5 324
25 6 796
25 7 1021
25 8 1300
25 9 2340
25 10 2229
25 11 724
25 12 3682
25 13 1972
25 14 923
25 15 1445
25 16 309
25 17 76
25 18 770
25 19 595
25 20 2021
25 21 888
25 22 991
25 23 510
25 24 515
25 26 391
25 27 963
25 28 859
25 29 852
25 30 1846
25 31 1050
25 32 437
25 33 148
25 34 1580
25 35 273
25 36 1309
25 37 1148
25 38 2394
25 39 363
25 40 444
25 41 608
25 42 1323
25 43 1746
25 44 477
25 45 132
25 46 2389
25 47 343
25 48 1396
26 0 712
26 1 825
26 2 1010
26 3 758
26 4 364
26 5 153
26 6 990
26 7 1418
26 8 1506
26 9 2562
26 10 2442
26 11 1096
26 12 3898
26 13 2244
26 14 1329
26 15 1665
26 16 101
26 17 358
26 18 1224
26 19 985
26 20 2237
26 21 1108
26 22 1267
26 23 830
26 24 151
26 25 391
26 27 1165
26 28 1195
26 29 1114
26 30 2062
26 31 1251
26 32 62
26 33 260
26 34 1856
26 35 631
26 36 1513
26 37 1413
26 38 2602
26 39 51
26 40 794
26 41 947
26 42 1646
26 43 1961
26 44 157
26 45 492
26 46 2589
26 47 664
26 48 1597
27 0 661
27 1 514
27 2 443
27 3 541
27 4 949
27 5 1052
27 6 226
27 7 1036
27 8 414
27 9 1627
27 10 1500
27 11 976
27 12 2736
27 13 1440
27 14 724
27 15 766
27 16 1125
27 17 1041
27 18 1172
27 19 955
27 20 1249
27 21 209
27 22 417
27 23 644
27 24 1306
27 25 963
27 26 1165
27 28 874
27 29 463
27 30 914
27 31 364
27 32 1200
27 33 995
27 34 1044
27 35 1036
27 36 365
27 37 653
27 38 1492
27 39 1175
27 40 1025
27 41 730
27 42 964
27 43 1047
27 44 1185
27 45 1040
27 46 1420
27 47 756
27 48 733
28 0 692
28 1 588
28 2 501
28 3 790
28 4 893
28 5 1211
28 6 718
28 7 152
28 8 1088
28 9 1819
28 10 1743
28 11 233
28 12 3594
28 13 1229
28 14 249
28 15 1037
28 16 1141
28 17 930
28 18 386
28 19 323
28 20 1696
28 21 705
28 22 631
28 23 523
28 24 1329
28 25 859
28 26 1195
28 27 874
28 29 505
28 30 1644
28 31 761
28 32 1295
28 33 973
28 34 892
28 35 660
28 36 1216
28 37 509
28 38 2083
28 39 1215
28 40 494
28 41 349
28 42 482
28 43 1437
28 44 1280
28 45 758
28 46 2132
28 47 673
28 48 1097
29 0 491
29 1 348
29 2 202
29 3 546
29 4 810
29 5 998
29 6 413
29 7 656
29 8 629
29 9 1598
29 10 1483
29 11 613
29 12 3145
29 13 1182
29 14 339
29 15 645
29 16 1056
29 17 923
29 18 821
29 19 607
29 20 1292
29 21 262
29 22 191
29 23 386
29 24 1246
29 25 852
29 26 1114
29 27 463
29 28 505
29 30 1210
29 31 315
29 32 1148
29 33 886
29 34 818
29 35 827
29 36 786
29 37 363
29 38 1665
29 39 1119
29 40 747
29 41 379
29 42 658
29 43 1040
29 44 1130
29 45 816
29 46 1712
29 47 548
29 48 688
30 0 1573
30 1 1422
30 2 1296
30 3 1478
30 4 1877
30 5 1965
30 6 1154
30 7 1748
30 8 639
30 9 877
30 10 775
30 11 1771
30 12 2137
30 13 995
30 14 1426
30 15 683
30 16 2046
30 17 1946
30 18 1976
30 19 1758
30 20 445
30 21 994
30 22 1061
30 23 1540
30 24 2205
30 25 1846
30 26 2062
30 27 914
30 28 1644
30 29 1210
30 31 933
30 32 2098
30 33 1907
30 34 969
30 35 1927
30 36 549
30 37 1187
30 38 625
30 39 2064
30 40 1900
30 41 1531
30 42 1457
30 43 398
30 44 2085
30 45 1925
30 46 559
30 47 1638
30 48 584
31 0 908
31 1 771
31 2 584
31 3 811
31 4 1199
31 5 1322
31 6 619
31 7 998
31 8 376
31 9 1115
31 10 1008
31 11 883
31 12 2903
31 13 1111
31 14 533
31 15 404
31 16 1213
31 17 1128
31 18 1081
31 19 866
31 20 978
31 21 163
31 22 160
31 23 645
31 24 1382
31 25 1050
31 26 1251
31 27 364
31 28 761
31 29 315
31 30 933
31 32 1284
31 33 1079
31 34 698
31 35 1097
31 36 537
31 37 365
31 38 1367
31 39 1265
31 40 1040
31 41 645
31 42 676
31 43 742
31 44 1269
31 45 1077
31 46 1413
31 47 810
31 48 370
32 0 704
32 1 846
32 2 1035
32 3 787
32 4 412
32 5 177
32 6 1038
32 7 1461
32 8 1528
32 9 2579
32 10 2465
32 11 1942
32 12 3923
32 13 2267
32 14 1313
32 15 1689
32 16 146
32 17 404
32 18 1255
32 19 1040
32 20 2262
32 21 1130
32 22 1287
32 23 857
32 24 147
32 25 437
32 26 62
32 27 1200
32 28 1295
32 29 1148
32 30 2098
32 31 1284
32 33 298
32 34 1878
32 35 669
32 36 1543
32 37 1434
32 38 2626
32 39 107
32 40 828
32 41 984
32 42 1684
32 43 1990
32 44 103
32 45 529
32 46 2608
32 47 698
32 48 1621
33 0 452
33 1 592
33 2 767
33 3 599
33 4 119
33 5 189
33 6 819
33 7 1164
33 8 1320
33 9 2371
33 10 2202
33 11 851
33 12 3722
33 13 2026
33 14 1040
33 15 1486
33 16 179
33 17 109
33 18 909
33 19 731
33 20 2062
33 21 928
33 22 1035
33 23 594
33 24 389
33 25 148
33 26 260
33 27 995
33 28 973
33 29 886
33 30 1907
33 31 1079
33 32 298
33 34 1622
33 35 392
33 36 1340
33 37 1187
33 38 2434
33 39 232
33 40 561
33 41 712
33 42 1420
33 43 1786
33 44 345
33 45 252
33 46 2414
33 47 429
33 48 1423
34 0 1233
34 1 1094
34 2 963
34 3 1293
34 4 1573
34 5 1739
34 6 1224
34 7 917
34 8 769
34 9 985
34 10 900
34 11 1119
34 12 3024
34 13 430
34 14 737
34 15 343
34 16 1795
34 17 1667
34 18 1265
34 19 1155
34 20 870
34 21 841
34 22 632
34 23 1123
34 24 1991
34 25 1580
34 26 1856
34 27 1044
34 28 892
34 29 818
34 30 969
34 31 698
34 32 1878
34 33 1622
34 35 1469
34 36 938
34 37 457
34 38 1248
34 39 1843
34 40 1318
34 41 1007
34 42 629
34 43 588
34 44 1872
34 45 1513
34 46 1294
34 47 1279
34 48 416
35 0 446
35 1 565
35 2 745
35 3 702
35 4 267
35 5 569
35 6 849
35 7 803
35 8 1345
35 9 2371
35 10 2210
35 11 495
35 12 3757
35 13 1852
35 14 772
35 15 1419
35 16 564
35 17 339
35 18 525
35 19 358
35 20 2069
35 21 960
35 22 971
35 23 462
35 24 760
35 25 273
35 26 631
35 27 1036
35 28 660
35 29 827
35 30 1927
35 31 1097
35 32 669
35 33 392
35 34 1469
35 36 1376
35 37 1016
35 38 2430
35 39 595
35 40 193
35 41 471
35 42 1939
35 43 1783
35 44 707
35 45 145
35 46 2453
35 47 287
35 48 1423
36 0 1035
36 1 881
36 2 810
36 3 912
36 4 1328
36 5 1418
36 6 606
36 7 1347
36 8 203
36 9 1318
36 10 1166
36 11 1332
36 12 2400
36 13 1322
36 14 1005
36 15 620
36 16 1483
36 17 1395
36 18 1531
36 19 1307
36 20 888
36 21 557
36 22 636
36 23 1006
36 24 1657
36 25 1309
36 26 1513
36 27 365
36 28 1216
36 29 786
36 30 549
36 31 537
36 32 1543
36 33 1340
36 34 938
36 35 1376
36 37 855
36 38 1147
36 39 1509
36 40 1358
36 41 1071
36 42 1175
36 43 797
36 44 1528
36 45 1367
36 46 1075
36 47 364
36 48 535
37 0 783
37 1 646
37 2 511
37 3 838
37 4 1111
37 5 1291
37 6 725
37 7 544
37 8 651
37 9 1370
37 10 1295
37 11 671
37 12 3226
37 13 828
37 14 282
37 15 565
37 16 1348
37 17 1224
37 18 879
37 19 715
37 20 1227
37 21 446
37 22 242
37 23 681
37 24 1539
37 25 1148
37 26 1413
37 27 653
37 28 509
37 29 363
37 30 1187
37 31 365
37 32 1434
37 33 1187
37 34 457
37 35 1016
37 36 855
37 38 1598
37 39 1447
37 40 871
37 41 565
37 42 322
37 43 970
37 44 1428
37 45 1070
37 46 1646
37 47 841
37 48 627
38 0 2103
38 1 1963
38 2 1761
38 3 2017
38 4 2385
38 5 2513
38 6 1742
38 7 2147
38 8 1220
38 9 243
38 10 491
38 11 2225
38 12 2206
38 13 1130
38 14 1853
38 15 1108
38 16 2567
38 17 2486
38 18 2441
38 19 2217
38 20 433
38 21 1503
38 22 1491
38 23 2003
38 24 2739
38 25 2394
38 26 2602
38 27 1492
38 28 2083
38 29 1665
38 30 625
38 31 1367
38 32 2626
38 33 2434
38 34 1248
38 35 2430
38 36 1147
38 37 1598
38 39 2631
38 40 2390
38 41 1996
38 42 1857
38 43 697
38 44 2620
38 45 2430
38 46 149
38 47 2162
38 48 622
39 0 681
39 1 851
39 2 1005
39 3 763
39 4 338
39 5 151
39 6 992
39 7 1400
39 8 1476
39 9 2574
39 10 2370
39 11 1080
39 12 3892
39 13 2226
39 14 1306
39 15 1652
39 16 88
39 17 330
39 18 1191
39 19 961
39 20 2229
39 21 1096
39 22 1248
39 23 828
39 24 195
39 25 363
39 26 51
39 27 1175
39 28 1215
39 29 1119
39 30 2064
39 31 1265
39 32 107
39 33 232
39 34 1843
39 35 595
39 36 1509
39 37 1447
39 38 2631
39 40 754
39 41 907
39 42 1606
39 43 1963
39 44 205
39 45 454
39 46 2578
39 47 622
39 48 1593
40 0 474
40 1 547
40 2 710
40 3 725
40 4 505
40 5 742
40 6 829
40 7 618
40 8 1310
40 9 1632
40 10 2157
40 11 313
40 12 3727
40 13 1712
40 14 622
40 15 1381
40 16 724
40 17 507
40 18 374
40 19 182
40 20 1991
40 21 931
40 22 910
40 23 400
40 24 919
40 25 444
40 26 794
40 27 1025
40 28 494
40 29 747
40 30 1900
40 31 1040
40 32 828
40 33 561
40 34 1318
40 35 193
40 36 1358
40 37 871
40 38 2390
40 39 754
40 41 373
40 42 942
40 43 1730
40 44 899
40 45 300
40 46 2399
40 47 302
40 48 1367
41 0 345
41 1 265
41 2 338
41 3 468
41 4 642
41 5 871
41 6 556
41 7 499
41 8 931
41 9 1915
41 10 1770
41 11 238
41 12 3448
41 13 1385
41 14 304
41 15 971
41 16 885
41 17 675
41 18 450
41 19 228
41 20 1615
41 21 572
41 22 517
41 23 180
41 24 1076
41 25 608
41 26 947
41 27 730
41 28 349
41 29 379
41 30 1531
41 31 645
41 32 984
41 33 712
41 34 1007
41 35 471
41 36 1071
41 37 565
41 38 1996
41 39 907
41 40 373
41 42 714
41 43 1340
41 44 970
41 45 508
41 46 2023
41 47 326
41 48 973
42 0 1069
42 1 952
42 2 834
42 3 1142
42 4 1366
42 5 1609
42 6 1049
42 7 384
42 8 963
42 9 1499
42 10 1469
42 11 678
42 12 3449
42 13 876
42 14 439
42 15 824
42 16 1600
42 17 1416
42 18 752
42 19 813
42 20 1453
42 21 822
42 22 581
42 23 883
42 24 1777
42 25 1323
42 26 1646
42 27 964
42 28 482
42 29 658
42 30 1457
42 31 676
42 32 1684
42 33 1420
42 34 629
42 35 1939
42 36 1175
42 37 322
42 38 1857
42 39 1606
42 40 942
42 41 714
42 43 1167
42 44 1675
42 45 1202
42 46 1884
42 47 1015
42 48 874
43 0 1443
43 1 1307
43 2 1115
43 3 1371
43 4 1753
43 5 1875
43 6 1155
43 7 1473
43 8 690
43 9 570
43 10 437
43 11 1584
43 12 2521
43 13 597
43 14 1215
43 15 460
43 16 1927
43 17 1844
43 18 1797
43 19 1565
43 20 290
43 21 860
43 22 848
43 23 1359
43 24 2104
43 25 1746
43 26 1961
43 27 1047
43 28 1437
43 29 1040
43 30 398
43 31 742
43 32 1990
43 33 1786
43 34 588
43 35 1783
43 36 797
43 37 970
43 38 697
43 39 1963
43 40 1730
43 41 1340
43 42 1167
43 44 1973
43 45 1767
43 46 715
43 47 1500
43 48 357
44 0 695
44 1 839
44 2 1024
44 3 776
44 4 446
44 5 177
44 6 1011
44 7 1450
44 8 1497
44 9 2567
44 10 2389
44 11 1175
44 12 3909
44 13 2255
44 14 1296
44 15 1670
44 16 204
44 17 448
44 18 1271
44 19 1054
44 20 2250
44 21 1114
44 22 1270
44 23 842
44 24 217
44 25 477
44 26 157
44 27 1185
44 28 1280
44 29 1130
44 30 2085
44 31 1269
44 32 103
44 33 345
44 34 1872
44 35 707
44 36 1528
44 37 1428
44 38 2620
44 39 205
44 40 899
44 41 970
44 42 1675
44 43 1973
44 45 639
44 46 2572
44 47 730
44 48 1632
45 0 431
45 1 543
45 2 725
45 3 671
45 4 228
45 5 429
45 6 1828
45 7 914
45 8 1337
45 9 2353
45 10 2196
45 11 597
45 12 3743
45 13 1902
45 14 820
45 15 1405
45 16 414
45 17 195
45 18 639
45 19 461
45 20 2056
45 21 945
45 22 957
45 23 454
45 24 621
45 25 132
45 26 492
45 27 1040
45 28 758
45 29 816
45 30 1925
45 31 1077
45 32 529
45 33 252
45 34 1513
45 35 145
45 36 1367
45 37 1070
45 38 2430
45 39 454
45 40 300
45 41 508
45 42 1202
45 43 1767
45 44 639
45 46 2404
45 47 267
45 48 1392
46 0 2131
46 1 1978
46 2 1812
46 3 2022
46 4 2094
46 5 2500
46 6 1674
46 7 2195
46 8 1150
46 9 627
46 10 626
46 11 2277
46 12 2065
46 13 1272
46 14 1902
46 15 1154
46 16 2557
46 17 2479
46 18 2484
46 19 2261
46 20 484
46 21 1527
46 22 1541
46 23 2048
46 24 2721
46 25 2389
46 26 2589
46 27 1420
46 28 2132
46 29 1712
46 30 559
46 31 1413
46 32 2608
46 33 2414
46 34 1294
46 35 2453
46 36 1075
46 37 1646
46 38 149
46 39 2578
46 40 2399
46 41 2023
46 42 1884
46 43 715
46 44 2572
46 45 2404
46 47 2134
46 48 1025
47 0 157
47 1 275
47 2 459
47 3 400
47 4 322
47 5 581
47 6 562
47 7 825
47 8 1057
47 9 2292
47 10 1927
47 11 565
47 12 3515
47 13 1663
47 14 635
47 15 1138
47 16 583
47 17 409
47 18 677
47 19 451
47 20 1784
47 21 673
47 22 684
47 23 175
47 24 790
47 25 343
47 26 664
47 27 756
47 28 673
47 29 548
47 30 1638
47 31 810
47 32 698
47 33 429
47 34 1279
47 35 287
47 36 364
47 37 841
47 38 2162
47 39 622
47 40 302
47 41 326
47 42 1015
47 43 1500
47 44 730
47 45 267
47 46 2134
47 48 1154
48 0 1082
48 1 948
48 2 758
48 3 986
48 4 1380
48 5 1498
48 6 797
48 7 1140
48 8 386
48 9 935
48 10 780
48 11 1234
48 12 2622
48 13 829
48 14 872
48 15 98
48 16 1557
48 17 1475
48 18 1431
48 19 1217
48 20 627
48 21 514
48 22 505
48 23 1011
48 24 1734
48 25 1396
48 26 1597
48 27 733
48 28 1097
48 29 688
48 30 584
48 31 370
48 32 1621
48 33 1423
48 34 416
48 35 1423
48 36 535
48 37 627
48 38 1011
48 39 1593
48 40 1367
48 41 973
48 42 874
48 43 357
48 44 1632
48 45 1392
48 46 1025
48 47 1154
-1 -1 -1
