13
0 1 156
0 2 340
0 3 231
0 4 347
0 5 529
0 6 442
0 7 821
0 8 978
0 9 2088
0 10 1896
0 11 566
0 12 3390
1 0 156
1 2 191
1 3 225
1 4 496
1 5 681
1 6 290
1 7 720
1 8 828
1 9 1854
1 10 1752
1 11 486
1 12 3220
2 0 340
2 1 191
2 3 342
2 4 666
2 5 859
2 6 231
2 7 655
2 8 700
2 9 1656
2 10 1560
2 11 563
2 12 3156
3 0 231
3 1 225
3 2 342
3 4 485
3 5 610
3 6 322
3 7 929
3 8 857
3 9 1901
3 10 1798
3 11 697
3 12 3258
4 0 347
4 1 496
4 2 666
4 3 485
4 5 270
4 6 759
4 7 1014
4 8 1283
4 9 2293
4 10 2203
4 11 756
4 12 3692
5 0 529
5 1 681
5 2 859
5 3 610
5 4 270
5 6 875
5 7 1270
5 8 1417
5 9 2418
5 10 2445
5 11 1008
5 12 3813
6 0 442
6 1 290
6 2 231
6 3 322
6 4 759
6 5 875
6 7 851
6 8 549
6 9 1711
6 10 1600
6 11 765
6 12 2948
7 0 821
7 1 720
7 2 655
7 3 929
7 4 1014
7 5 1270
7 6 851
7 8 1188
7 9 1847
7 10 1793
7 11 302
7 12 3688
8 0 978
8 1 828
8 2 700
8 3 857
8 4 1283
8 5 1417
8 6 549
8 7 1188
8 9 1391
8 10 1762
8 11 1386
8 12 2562
9 0 2088
9 1 1854
9 2 1656
9 3 1901
9 4 2293
9 5 2418
9 6 1711
9 7 1847
9 8 1391
9 10 143
9 11 2017
9 12 2651
10 0 1896
10 1 1752
10 2 1560
10 3 1798
10 4 2203
10 5 2445
10 6 1600
10 7 1793
10 8 1762
10 9 143
10 11 1018
10 12 2695
11 0 566
11 1 486
11 2 563
11 3 697
11 4 756
11 5 1008
11 6 765
11 7 302
11 8 1386
11 9 2017
11 10 1018
11 12 3698
12 0 3390
12 1 3220
12 2 3156
12 3 3258
12 4 3692
12 5 3813
12 6 2948
12 7 3688
12 8 2562
12 9 2651
12 10 2695
12 11 3698
-1 -1 -1